28 19
0 0 0 0 0 0 0 0 1 1 1 1 0 0 0 0 0 0 0
0 0 0 0 0 0 1 1 2 2 2 2 1 0 0 0 0 0 0
0 0 0 0 0 1 2 2 2 2 2 2 2 1 0 0 0 0 0
0 0 0 0 1 2 2 2 2 2 2 2 1 1 1 1 0 0 0
0 0 0 1 2 2 2 2 2 2 2 2 2 1 3 3 1 0 0
0 0 0 1 2 2 2 2 2 2 2 2 2 1 3 3 1 0 0
0 0 1 1 1 1 1 1 1 1 1 1 1 1 1 3 1 0 0
0 1 3 3 3 3 3 3 3 3 3 3 3 3 1 1 0 0 0
0 1 3 3 3 3 3 3 3 3 3 3 3 3 1 0 0 0 0
0 0 1 1 1 1 1 1 1 1 1 1 1 1 0 0 0 0 0
0 0 1 3 7 7 7 7 7 7 7 3 3 1 0 0 0 0 0
0 0 1 3 7 1 7 7 7 1 7 3 3 1 0 0 0 0 0
0 1 3 3 4 7 7 2 7 7 4 3 3 3 1 0 0 0 0
0 1 3 3 3 3 3 3 3 3 3 3 3 3 1 0 0 0 0
0 0 1 3 3 3 3 3 3 3 3 3 3 1 1 1 0 0 0
0 0 1 3 3 3 3 3 3 3 3 3 3 1 5 5 1 0 0
0 1 2 1 3 3 3 3 3 3 3 3 1 1 1 5 5 1 0
1 2 1 2 1 3 3 3 3 3 3 1 2 1 2 1 5 5 1
1 2 1 2 2 1 3 3 3 1 1 2 2 1 2 1 5 5 1
1 2 1 2 2 2 1 1 1 2 2 2 2 1 2 1 5 5 1
1 3 1 1 1 1 6 6 6 1 1 1 1 1 3 1 5 5 1
1 3 3 1 1 1 6 6 6 1 1 1 1 3 3 1 5 5 1
0 1 1 2 2 2 2 2 2 2 2 2 2 1 1 5 5 5 1
0 0 1 2 2 2 1 1 1 2 2 2 1 1 1 1 1 1 1
0 0 1 2 2 2 1 0 1 2 2 2 1 0 0 0 0 0 0
0 0 1 1 1 1 1 0 1 1 1 1 1 0 0 0 0 0 0
0 0 1 1 1 1 1 0 1 1 1 1 1 0 0 0 0 0 0
0 1 1 1 1 1 0 1 1 1 1 1 1 0 0 0 0 0 0
